FVM: 1.21866
HDD-BEM: 1.21865962
